7
mm10       0.0000000 0.0561233 0.0466879 0.0586313 0.0509774 0.0340970 0.0528460 
GraDol     0.0561233 0.0000000 0.0856023 0.0927915 0.0885867 0.0608899 0.0854477 
HylAll     0.0466879 0.0856023 0.0000000 0.0591291 0.0577939 0.0702250 0.0829784 
MasNat     0.0586313 0.0927915 0.0591291 0.0000000 0.0590031 0.0794516 0.0903190 
PraDel     0.0509774 0.0885867 0.0577939 0.0590031 0.0000000 0.0738218 0.0860516 
RhaDil     0.0340970 0.0608899 0.0702250 0.0794516 0.0738218 0.0000000 0.0723679 
RhySor     0.0528460 0.0854477 0.0829784 0.0903190 0.0860516 0.0723679 0.0000000 
