7
mm10       0.0000000 0.0573025 0.0512704 0.0612291 0.0538852 0.0360923 0.0564579 
GraDol     0.0573025 0.0000000 0.0896940 0.0956800 0.0915252 0.0625686 0.0885086 
HylAll     0.0512704 0.0896940 0.0000000 0.0604790 0.0595020 0.0755407 0.0883935 
MasNat     0.0612291 0.0956800 0.0604790 0.0000000 0.0602270 0.0831222 0.0940048 
PraDel     0.0538852 0.0915252 0.0595020 0.0602270 0.0000000 0.0777279 0.0899995 
RhaDil     0.0360923 0.0625686 0.0755407 0.0831222 0.0777279 0.0000000 0.0765709 
RhySor     0.0564579 0.0885086 0.0883935 0.0940048 0.0899995 0.0765709 0.0000000 
