7
mm10       0.0000000 0.0577166 0.0496389 0.0600153 0.0533330 0.0374723 0.0555555 
GraDol     0.0577166 0.0000000 0.0883275 0.0946732 0.0909284 0.0619203 0.0879068 
HylAll     0.0496389 0.0883275 0.0000000 0.0596521 0.0585687 0.0748066 0.0868975 
MasNat     0.0600153 0.0946732 0.0596521 0.0000000 0.0594236 0.0826697 0.0932774 
PraDel     0.0533330 0.0909284 0.0585687 0.0594236 0.0000000 0.0778492 0.0895272 
RhaDil     0.0374723 0.0619203 0.0748066 0.0826697 0.0778492 0.0000000 0.0763503 
RhySor     0.0555555 0.0879068 0.0868975 0.0932774 0.0895272 0.0763503 0.0000000 
