7
mm10       0.0000000 0.0564530 0.0497280 0.0596158 0.0522501 0.0347892 0.0541427 
GraDol     0.0564530 0.0000000 0.0895801 0.0959329 0.0914576 0.0626300 0.0885571 
HylAll     0.0497280 0.0895801 0.0000000 0.0611814 0.0599081 0.0742345 0.0876481 
MasNat     0.0596158 0.0959329 0.0611814 0.0000000 0.0608611 0.0820842 0.0940665 
PraDel     0.0522501 0.0914576 0.0599081 0.0608611 0.0000000 0.0763541 0.0896196 
RhaDil     0.0347892 0.0626300 0.0742345 0.0820842 0.0763541 0.0000000 0.0750815 
RhySor     0.0541427 0.0885571 0.0876481 0.0940665 0.0896196 0.0750815 0.0000000 
