7
mm10       0.0000000 0.0557895 0.0506948 0.0608370 0.0535004 0.0345667 0.0535676 
GraDol     0.0557895 0.0000000 0.0922073 0.0986850 0.0942223 0.0627580 0.0898447 
HylAll     0.0506948 0.0922073 0.0000000 0.0641472 0.0630785 0.0763474 0.0903272 
MasNat     0.0608370 0.0986850 0.0641472 0.0000000 0.0638708 0.0843437 0.0969816 
PraDel     0.0535004 0.0942223 0.0630785 0.0638708 0.0000000 0.0787910 0.0924901 
RhaDil     0.0345667 0.0627580 0.0763474 0.0843437 0.0787910 0.0000000 0.0757188 
RhySor     0.0535676 0.0898447 0.0903272 0.0969816 0.0924901 0.0757188 0.0000000 
