7
mm10       0.0000000 0.0556367 0.0509967 0.0523725 0.0524654 0.0339377 0.0516677 
GraDol     0.0556367 0.0000000 0.0904802 0.0911812 0.0916163 0.0609107 0.0860587 
HylAll     0.0509967 0.0904802 0.0000000 0.0612924 0.0619744 0.0750989 0.0877616 
MasNat     0.0523725 0.0911812 0.0612924 0.0000000 0.0612552 0.0761216 0.0884716 
PraDel     0.0524654 0.0916163 0.0619744 0.0612552 0.0000000 0.0764542 0.0888721 
RhaDil     0.0339377 0.0609107 0.0750989 0.0761216 0.0764542 0.0000000 0.0725322 
RhySor     0.0516677 0.0860587 0.0877616 0.0884716 0.0888721 0.0725322 0.0000000 
