7
mm10       0.0000000 0.0566021 0.0497944 0.0582018 0.0519641 0.0353836 0.0542885 
GraDol     0.0566021 0.0000000 0.0884501 0.0935770 0.0902592 0.0611454 0.0872053 
HylAll     0.0497944 0.0884501 0.0000000 0.0598945 0.0593281 0.0739485 0.0869749 
MasNat     0.0582018 0.0935770 0.0598945 0.0000000 0.0599437 0.0804281 0.0922668 
PraDel     0.0519641 0.0902592 0.0593281 0.0599437 0.0000000 0.0759771 0.0888235 
RhaDil     0.0353836 0.0611454 0.0739485 0.0804281 0.0759771 0.0000000 0.0745836 
RhySor     0.0542885 0.0872053 0.0869749 0.0922668 0.0888235 0.0745836 0.0000000 
