7
mm10       0.0000000 0.0569159 0.0495082 0.0592732 0.0519306 0.0381506 0.0548789 
GraDol     0.0569159 0.0000000 0.0868741 0.0925005 0.0884122 0.0612166 0.0861131 
HylAll     0.0495082 0.0868741 0.0000000 0.0584135 0.0572653 0.0745401 0.0856394 
MasNat     0.0592732 0.0925005 0.0584135 0.0000000 0.0578244 0.0816326 0.0913650 
PraDel     0.0519306 0.0884122 0.0572653 0.0578244 0.0000000 0.0762504 0.0870718 
RhaDil     0.0381506 0.0612166 0.0745401 0.0816326 0.0762504 0.0000000 0.0755126 
RhySor     0.0548789 0.0861131 0.0856394 0.0913650 0.0870718 0.0755126 0.0000000 
