7
mm10       0.0000000 0.0565308 0.0501819 0.0615347 0.0528281 0.0349837 0.0555472 
GraDol     0.0565308 0.0000000 0.0891932 0.0968795 0.0913457 0.0619679 0.0885007 
HylAll     0.0501819 0.0891932 0.0000000 0.0624693 0.0604158 0.0744027 0.0886667 
MasNat     0.0615347 0.0968795 0.0624693 0.0000000 0.0623902 0.0836423 0.0962639 
PraDel     0.0528281 0.0913457 0.0604158 0.0623902 0.0000000 0.0768230 0.0907563 
RhaDil     0.0349837 0.0619679 0.0744027 0.0836423 0.0768230 0.0000000 0.0759237 
RhySor     0.0555472 0.0885007 0.0886667 0.0962639 0.0907563 0.0759237 0.0000000 
