7
mm10       0.0000000 0.0531728 0.0473733 0.0604778 0.0521071 0.0336756 0.0528191 
GraDol     0.0531728 0.0000000 0.0883656 0.0979141 0.0923149 0.0608024 0.0873433 
HylAll     0.0473733 0.0883656 0.0000000 0.0631416 0.0614215 0.0735595 0.0879041 
MasNat     0.0604778 0.0979141 0.0631416 0.0000000 0.0639508 0.0845150 0.0974019 
PraDel     0.0521071 0.0923149 0.0614215 0.0639508 0.0000000 0.0778386 0.0918391 
RhaDil     0.0336756 0.0608024 0.0735595 0.0845150 0.0778386 0.0000000 0.0745021 
RhySor     0.0528191 0.0873433 0.0879041 0.0974019 0.0918391 0.0745021 0.0000000 
