7
mm10       0.0000000 0.0592133 0.0513598 0.0600556 0.0535187 0.0378292 0.0543599 
GraDol     0.0592133 0.0000000 0.0911569 0.0964387 0.0926213 0.0636420 0.0887600 
HylAll     0.0513598 0.0911569 0.0000000 0.0611226 0.0599932 0.0769239 0.0877383 
MasNat     0.0600556 0.0964387 0.0611226 0.0000000 0.0605217 0.0834524 0.0931201 
PraDel     0.0535187 0.0926213 0.0599932 0.0605217 0.0000000 0.0787139 0.0890516 
RhaDil     0.0378292 0.0636420 0.0769239 0.0834524 0.0787139 0.0000000 0.0760331 
RhySor     0.0543599 0.0887600 0.0877383 0.0931201 0.0890516 0.0760331 0.0000000 
