7
mm10       0.0000000 0.0552000 0.0460083 0.0588255 0.0508446 0.0347784 0.0530657 
GraDol     0.0552000 0.0000000 0.0854788 0.0939862 0.0890923 0.0603368 0.0856161 
HylAll     0.0460083 0.0854788 0.0000000 0.0601385 0.0582181 0.0708473 0.0836821 
MasNat     0.0588255 0.0939862 0.0601385 0.0000000 0.0606233 0.0811157 0.0923717 
PraDel     0.0508446 0.0890923 0.0582181 0.0606233 0.0000000 0.0750566 0.0873725 
RhaDil     0.0347784 0.0603368 0.0708473 0.0811157 0.0750566 0.0000000 0.0734602 
RhySor     0.0530657 0.0856161 0.0836821 0.0923717 0.0873725 0.0734602 0.0000000 
