7
mm10       0.0000000 0.0546014 0.0487755 0.0581582 0.0508595 0.0365330 0.0522332 
GraDol     0.0546014 0.0000000 0.0839247 0.0892082 0.0852959 0.0586599 0.0820920 
HylAll     0.0487755 0.0839247 0.0000000 0.0560166 0.0554357 0.0722083 0.0820170 
MasNat     0.0581582 0.0892082 0.0560166 0.0000000 0.0555802 0.0788727 0.0873376 
PraDel     0.0508595 0.0852959 0.0554357 0.0555802 0.0000000 0.0737807 0.0833408 
RhaDil     0.0365330 0.0586599 0.0722083 0.0788727 0.0737807 0.0000000 0.0718987 
RhySor     0.0522332 0.0820920 0.0820170 0.0873376 0.0833408 0.0718987 0.0000000 
