7
mm10       0.0000000 0.0531469 0.0474729 0.0569921 0.0501045 0.0328958 0.0499755 
GraDol     0.0531469 0.0000000 0.0839284 0.0897015 0.0857370 0.0571864 0.0814209 
HylAll     0.0474729 0.0839284 0.0000000 0.0574213 0.0564200 0.0701383 0.0820898 
MasNat     0.0569921 0.0897015 0.0574213 0.0000000 0.0570566 0.0774140 0.0882091 
PraDel     0.0501045 0.0857370 0.0564200 0.0570566 0.0000000 0.0722257 0.0840133 
RhaDil     0.0328958 0.0571864 0.0701383 0.0774140 0.0722257 0.0000000 0.0692037 
RhySor     0.0499755 0.0814209 0.0820898 0.0882091 0.0840133 0.0692037 0.0000000 
