7
mm10       0.0000000 0.0557823 0.0476978 0.0581287 0.0506510 0.0344491 0.0528958 
GraDol     0.0557823 0.0000000 0.0869228 0.0927471 0.0889437 0.0610458 0.0859116 
HylAll     0.0476978 0.0869228 0.0000000 0.0598934 0.0585018 0.0719476 0.0847977 
MasNat     0.0581287 0.0927471 0.0598934 0.0000000 0.0594444 0.0796574 0.0908018 
PraDel     0.0506510 0.0889437 0.0585018 0.0594444 0.0000000 0.0743818 0.0866260 
RhaDil     0.0344491 0.0610458 0.0719476 0.0796574 0.0743818 0.0000000 0.0732876 
RhySor     0.0528958 0.0859116 0.0847977 0.0908018 0.0866260 0.0732876 0.0000000 
