7
mm10       0.0000000 0.0557946 0.0484437 0.0608155 0.0534233 0.0331415 0.0528918 
GraDol     0.0557946 0.0000000 0.0915405 0.0999602 0.0951644 0.0634028 0.0899748 
HylAll     0.0484437 0.0915405 0.0000000 0.0646850 0.0628471 0.0739600 0.0885949 
MasNat     0.0608155 0.0999602 0.0646850 0.0000000 0.0648220 0.0842797 0.0972494 
PraDel     0.0534233 0.0951644 0.0628471 0.0648220 0.0000000 0.0784280 0.0924283 
RhaDil     0.0331415 0.0634028 0.0739600 0.0842797 0.0784280 0.0000000 0.0747561 
RhySor     0.0528918 0.0899748 0.0885949 0.0972494 0.0924283 0.0747561 0.0000000 
