7
mm10       0.0000000 0.0456575 0.0550218 0.0571889 0.0528016 0.0417849 0.0446066 
GraDol     0.0456575 0.0000000 0.0881781 0.0898677 0.0866479 0.0601141 0.0768742 
HylAll     0.0550218 0.0881781 0.0000000 0.0629951 0.0619565 0.0857969 0.0873392 
MasNat     0.0571889 0.0898677 0.0629951 0.0000000 0.0624033 0.0876030 0.0889366 
PraDel     0.0528016 0.0866479 0.0619565 0.0624033 0.0000000 0.0841524 0.0856793 
RhaDil     0.0417849 0.0601141 0.0857969 0.0876030 0.0841524 0.0000000 0.0744634 
RhySor     0.0446066 0.0768742 0.0873392 0.0889366 0.0856793 0.0744634 0.0000000 
