7
mm10       0.0000000 0.0555395 0.0471326 0.0606689 0.0527801 0.0345130 0.0529381 
GraDol     0.0555395 0.0000000 0.0880696 0.0970508 0.0925173 0.0622675 0.0878756 
HylAll     0.0471326 0.0880696 0.0000000 0.0622841 0.0610193 0.0726048 0.0861243 
MasNat     0.0606689 0.0970508 0.0622841 0.0000000 0.0633497 0.0835891 0.0954130 
PraDel     0.0527801 0.0925173 0.0610193 0.0633497 0.0000000 0.0777586 0.0906714 
RhaDil     0.0345130 0.0622675 0.0726048 0.0835891 0.0777586 0.0000000 0.0745276 
RhySor     0.0529381 0.0878756 0.0861243 0.0954130 0.0906714 0.0745276 0.0000000 
